113
NULL 0 NULL 0
Joined 0 0,255,0,255,0,0,0,0,0,0 NULL 0 0 0 	# Joined [4a 6f 69 6e 65 64 ]
|Broken|0|1 0 0,255,0,255,0,0,0,0,0,0 NULL 0 0 0 	# Broken
M 5 0,255,0,255,0,0,0,0,0,0 Latin 88 0 3 M	# M [4d ]A
A 5 0,255,0,255,0,0,0,0,0,0 Latin 76 0 4 A	# A [41 ]A
T 5 0,255,0,255,0,0,0,0,0,0 Latin 78 0 5 T	# T [54 ]A
I 5 0,255,0,255,0,0,0,0,0,0 Latin 82 0 6 I	# I [49 ]A
O 5 0,255,0,255,0,0,0,0,0,0 Latin 79 0 7 O	# O [4f ]A
, 10 0,255,0,255,0,0,0,0,0,0 Common 8 6 8 ,	# , [2c ]p
P 5 0,255,0,255,0,0,0,0,0,0 Latin 97 0 9 P	# P [50 ]A
E 5 0,255,0,255,0,0,0,0,0,0 Latin 85 0 10 E	# E [45 ]A
Y 5 0,255,0,255,0,0,0,0,0,0 Latin 89 0 11 Y	# Y [59 ]A
N 5 0,255,0,255,0,0,0,0,0,0 Latin 83 0 12 N	# N [4e ]A
K 5 0,255,0,255,0,0,0,0,0,0 Latin 96 0 13 K	# K [4b ]A
F 5 0,255,0,255,0,0,0,0,0,0 Latin 77 0 14 F	# F [46 ]A
( 10 0,255,0,255,0,0,0,0,0,0 Common 15 10 16 (	# ( [28 ]p
) 10 0,255,0,255,0,0,0,0,0,0 Common 16 10 15 )	# ) [29 ]p
H 5 0,255,0,255,0,0,0,0,0,0 Latin 93 0 17 H	# H [48 ]A
L 5 0,255,0,255,0,0,0,0,0,0 Latin 80 0 18 L	# L [4c ]A
C 5 0,255,0,255,0,0,0,0,0,0 Latin 86 0 19 C	# C [43 ]A
S 5 0,255,0,255,0,0,0,0,0,0 Latin 92 0 20 S	# S [53 ]A
1 8 0,255,0,255,0,0,0,0,0,0 Common 21 2 21 1	# 1 [31 ]0
2 8 0,255,0,255,0,0,0,0,0,0 Common 22 2 22 2	# 2 [32 ]0
8 8 0,255,0,255,0,0,0,0,0,0 Common 23 2 23 8	# 8 [38 ]0
R 5 0,255,0,255,0,0,0,0,0,0 Latin 91 0 24 R	# R [52 ]A
G 5 0,255,0,255,0,0,0,0,0,0 Latin 81 0 25 G	# G [47 ]A
D 5 0,255,0,255,0,0,0,0,0,0 Latin 87 0 26 D	# D [44 ]A
Z 5 0,255,0,255,0,0,0,0,0,0 Latin 101 0 27 Z	# Z [5a ]A
? 10 0,255,0,255,0,0,0,0,0,0 Common 28 10 28 ?	# ? [3f ]p
- 10 0,255,0,255,0,0,0,0,0,0 Common 29 3 29 -	# - [2d ]p
V 5 0,255,0,255,0,0,0,0,0,0 Latin 84 0 30 V	# V [56 ]A
B 5 0,255,0,255,0,0,0,0,0,0 Latin 98 0 31 B	# B [42 ]A
W 5 0,255,0,255,0,0,0,0,0,0 Latin 99 0 32 W	# W [57 ]A
; 10 0,255,0,255,0,0,0,0,0,0 Common 33 10 33 ;	# ; [3b ]p
X 5 0,255,0,255,0,0,0,0,0,0 Latin 100 0 34 X	# X [58 ]A
U 5 0,255,0,255,0,0,0,0,0,0 Latin 94 0 35 U	# U [55 ]A
0 8 0,255,0,255,0,0,0,0,0,0 Common 36 2 36 0	# 0 [30 ]0
7 8 0,255,0,255,0,0,0,0,0,0 Common 37 2 37 7	# 7 [37 ]0
+ 0 0,255,0,255,0,0,0,0,0,0 Common 38 3 38 +	# + [2b ]
/ 10 0,255,0,255,0,0,0,0,0,0 Common 39 6 39 /	# / [2f ]p
. 10 0,255,0,255,0,0,0,0,0,0 Common 40 6 40 .	# . [2e ]p
' 10 0,255,0,255,0,0,0,0,0,0 Common 41 10 41 '	# ' [27 ]p
J 5 0,255,0,255,0,0,0,0,0,0 Latin 95 0 42 J	# J [4a ]A
" 10 0,255,0,255,0,0,0,0,0,0 Common 43 10 43 "	# " [22 ]p
4 8 0,255,0,255,0,0,0,0,0,0 Common 44 2 44 4	# 4 [34 ]0
_ 10 0,255,0,255,0,0,0,0,0,0 Common 45 10 45 _	# _ [5f ]p
* 10 0,255,0,255,0,0,0,0,0,0 Common 46 10 46 *	# * [2a ]p
: 10 0,255,0,255,0,0,0,0,0,0 Common 47 6 47 :	# : [3a ]p
! 10 0,255,0,255,0,0,0,0,0,0 Common 48 10 48 !	# ! [21 ]p
3 8 0,255,0,255,0,0,0,0,0,0 Common 49 2 49 3	# 3 [33 ]0
Q 5 0,255,0,255,0,0,0,0,0,0 Latin 102 0 50 Q	# Q [51 ]A
& 10 0,255,0,255,0,0,0,0,0,0 Common 51 10 51 &	# & [26 ]p
9 8 0,255,0,255,0,0,0,0,0,0 Common 52 2 52 9	# 9 [39 ]0
[ 10 0,255,0,255,0,0,0,0,0,0 Common 53 10 54 [	# [ [5b ]p
] 10 0,255,0,255,0,0,0,0,0,0 Common 54 10 53 ]	# ] [5d ]p
6 8 0,255,0,255,0,0,0,0,0,0 Common 55 2 55 6	# 6 [36 ]0
5 8 0,255,0,255,0,0,0,0,0,0 Common 56 2 56 5	# 5 [35 ]0
| 0 0,255,0,255,0,0,0,0,0,0 Common 57 10 57 |	# | [7c ]
” 10 0,255,0,255,0,0,0,0,0,0 Common 58 10 58 "	# ” [201d ]p
< 0 0,255,0,255,0,0,0,0,0,0 Common 59 10 60 <	# < [3c ]
> 0 0,255,0,255,0,0,0,0,0,0 Common 60 10 59 >	# > [3e ]
® 0 0,255,0,255,0,0,0,0,0,0 Common 61 10 61 ®	# ® [ae ]
— 10 0,255,0,255,0,0,0,0,0,0 Common 62 10 62 -	# — [2014 ]p
= 0 0,255,0,255,0,0,0,0,0,0 Common 63 10 63 =	# = [3d ]
} 10 0,255,0,255,0,0,0,0,0,0 Common 64 10 68 }	# } [7d ]p
# 10 0,255,0,255,0,0,0,0,0,0 Common 65 4 65 #	# # [23 ]p
@ 10 0,255,0,255,0,0,0,0,0,0 Common 66 10 66 @	# @ [40 ]p
\ 10 0,255,0,255,0,0,0,0,0,0 Common 67 10 67 \	# \ [5c ]p
{ 10 0,255,0,255,0,0,0,0,0,0 Common 68 10 64 {	# { [7b ]p
$ 0 0,255,0,255,0,0,0,0,0,0 Common 69 4 69 $	# $ [24 ]
© 0 0,255,0,255,0,0,0,0,0,0 Common 70 10 70 ©	# © [a9 ]
» 10 0,255,0,255,0,0,0,0,0,0 Common 71 10 73 »	# » [bb ]p
% 10 0,255,0,255,0,0,0,0,0,0 Common 72 4 72 %	# % [25 ]p
« 10 0,255,0,255,0,0,0,0,0,0 Common 73 10 71 «	# « [ab ]p
£ 0 0,255,0,255,0,0,0,0,0,0 Common 74 4 74 £	# £ [a3 ]
Þ 5 0,255,0,255,0,0,0,0,0,0 Latin 103 0 75 Þ	# Þ [de ]A
a 3 0,255,0,255,0,0,0,0,0,0 Latin 4 0 76 a	# a [61 ]a
f 3 0,255,0,255,0,0,0,0,0,0 Latin 14 0 77 f	# f [66 ]a
t 3 0,255,0,255,0,0,0,0,0,0 Latin 5 0 78 t	# t [74 ]a
o 3 0,255,0,255,0,0,0,0,0,0 Latin 7 0 79 o	# o [6f ]a
l 3 0,255,0,255,0,0,0,0,0,0 Latin 18 0 80 l	# l [6c ]a
g 3 0,255,0,255,0,0,0,0,0,0 Latin 25 0 81 g	# g [67 ]a
i 3 0,255,0,255,0,0,0,0,0,0 Latin 6 0 82 i	# i [69 ]a
n 3 0,255,0,255,0,0,0,0,0,0 Latin 12 0 83 n	# n [6e ]a
v 3 0,255,0,255,0,0,0,0,0,0 Latin 30 0 84 v	# v [76 ]a
e 3 0,255,0,255,0,0,0,0,0,0 Latin 10 0 85 e	# e [65 ]a
c 3 0,255,0,255,0,0,0,0,0,0 Latin 19 0 86 c	# c [63 ]a
d 3 0,255,0,255,0,0,0,0,0,0 Latin 26 0 87 d	# d [64 ]a
m 3 0,255,0,255,0,0,0,0,0,0 Latin 3 0 88 m	# m [6d ]a
y 3 0,255,0,255,0,0,0,0,0,0 Latin 11 0 89 y	# y [79 ]a
ſ 3 0,255,0,255,0,0,0,0,0,0 Latin 20 0 90 s	# ſ [17f ]a
r 3 0,255,0,255,0,0,0,0,0,0 Latin 24 0 91 r	# r [72 ]a
s 3 0,255,0,255,0,0,0,0,0,0 Latin 20 0 92 s	# s [73 ]a
h 3 0,255,0,255,0,0,0,0,0,0 Latin 17 0 93 h	# h [68 ]a
u 3 0,255,0,255,0,0,0,0,0,0 Latin 35 0 94 u	# u [75 ]a
j 3 0,255,0,255,0,0,0,0,0,0 Latin 42 0 95 j	# j [6a ]a
k 3 0,255,0,255,0,0,0,0,0,0 Latin 13 0 96 k	# k [6b ]a
p 3 0,255,0,255,0,0,0,0,0,0 Latin 9 0 97 p	# p [70 ]a
b 3 0,255,0,255,0,0,0,0,0,0 Latin 31 0 98 b	# b [62 ]a
w 3 0,255,0,255,0,0,0,0,0,0 Latin 32 0 99 w	# w [77 ]a
x 3 0,255,0,255,0,0,0,0,0,0 Latin 34 0 100 x	# x [78 ]a
z 3 0,255,0,255,0,0,0,0,0,0 Latin 27 0 101 z	# z [7a ]a
q 3 0,255,0,255,0,0,0,0,0,0 Latin 50 0 102 q	# q [71 ]a
þ 3 0,255,0,255,0,0,0,0,0,0 Latin 75 0 103 þ	# þ [fe ]a
ﬀ 3 0,255,0,255,0,0,0,0,0,0 Latin 104 0 104 ff	# ﬀ [fb00 ]a
ﬆ 3 0,255,0,255,0,0,0,0,0,0 Latin 105 0 105 st	# ﬆ [fb06 ]a
’ 10 0,255,0,255,0,0,0,0,0,0 Common 106 10 106 '	# ’ [2019 ]p
° 0 0,255,0,255,0,0,0,0,0,0 Common 107 4 107 °	# ° [b0 ]
€ 0 0,255,0,255,0,0,0,0,0,0 Common 108 4 108 €	# € [20ac ]
é 3 0,255,0,255,0,0,0,0,0,0 Latin 109 0 109 é	# é [e9 ]a
~ 0 0,255,0,255,0,0,0,0,0,0 Common 110 10 110 ~	# ~ [7e ]
“ 10 0,255,0,255,0,0,0,0,0,0 Common 111 10 111 "	# “ [201c ]p
‘ 10 0,255,0,255,0,0,0,0,0,0 Common 112 10 112 '	# ‘ [2018 ]p
